1.131578947368421
2.0153846153846153
1.0
1.0
1.0
1.0
1.0
1.4505494505494505
1.0
1.0
15.275185114866147
1.3333333333333333
2.380952380952381
2.5714285714285716
1.7526315789473683
1.3174603174603174
1.0
1.0
1.8333333333333333
1.0
1.0
1.0
1.4
21.1687306501548
6.769230769230769
5.681219276783911
1.3333333333333333
1.0
1.275
1.0
2.4761904761904763
1.0
1.0
1.7272727272727273
1.0
13.455663718082896
1.5357142857142858
1.0
38.662316535581745
1.0
3.0883190883190883
4.7914764079147645
12.472047389855609
2.591666666666667
1.0
1.7555555555555555
2.1555555555555554
1.1666666666666667
1.0
1.5238095238095237
1.8051948051948052
6.105128205128205
1.3333333333333333
1.1666666666666667
3.433846153846154
1.0
1.6666666666666667
2.25
1.1333333333333333
3.619774011299435
24.70273145735626
1.1333333333333333
1.0454545454545454
1.3333333333333333
2.6666666666666665
1.0
1.3516483516483517
1.2380952380952381
1.3333333333333333
2.7226173541963017
1.5333333333333334
1.0
6.337179487179487
1.1666666666666667
1.0
3.1462365591397847
1.5333333333333334
1.1
3.727272727272727
3.783333333333333
2.5090909090909093
1.0
4.100840336134453
1.5333333333333334
1.0476190476190477
1.7222222222222223
1.3333333333333333
1.4
1.0
1.0
1.0
1.7
1.0
1.0
2.238095238095238
1.0
1.1083333333333334
7.864801864801865
5.295121951219512
1.0
1.0
1.1818181818181819
1.0
1.9428571428571428
1.1
2.1451800232288036
1.1071428571428572
1.0
2.6545454545454548
1.3333333333333333
1.0
2.9766666666666666
1.4761904761904763
9.260073260073261
1.0
1.0
1.4892307692307691
1.3333333333333333
1.0
1.0
1.0
3.026315789473684
1.021978021978022
1.0
1.5714285714285714
4.215506329113924
5.537810042347248
1.9333333333333333
2.032967032967033
1.0
1.3361823361823362
1.0
1.1
6.711281471241255
1.7233201581027668
1.709090909090909
1.1
1.1666666666666667
5.587450980392157
1.948051948051948
1.5
1.0555555555555556
1.3333333333333333
1.0
1.1666666666666667
1.3333333333333333
1.3333333333333333
1.1318681318681318
2.380952380952381
1.0
1.8095238095238095
3.7
1.3333333333333333
2.0619047619047617
1.0
5.772307692307693
1.6666666666666667
1.3333333333333333
1.0
1.5555555555555556
1.0
1.6
1.5714285714285714
1.0
1.6666666666666667
1.0
1.6071428571428572
1.0
1.3333333333333333
1.0
2.2792022792022792
1.6
1.0
1.0
1.8666666666666667
1.0
1.0
6.1551282051282055
1.3974358974358974
2.3333333333333335
1.3333333333333333
1.1071428571428572
2.26218487394958
1.6666666666666667
2.7578947368421054
1.3333333333333333
1.7878787878787878
1.3333333333333333
1.4666666666666666
1.9938461538461538
1.0
1.0
1.0
1.2
1.0
1.0
1.0
1.0
2.0
1.6666666666666667
1.0
1.3333333333333333
1.0
1.0
1.1666666666666667
1.0
2.6023391812865495
2.4761904761904763
1.6666666666666667
2.6493506493506493
1.0
1.6666666666666667
1.8666666666666667
1.5238095238095237
1.3333333333333333
1.1333333333333333
1.87012987012987
1.0
1.8095238095238095
2.1636363636363636
1.0
1.0
1.6416666666666666
2.4094202898550723
2.4375
1.0
1.0
3.4095238095238094
1.7142857142857142
1.0
1.0
2.2142857142857144
1.3333333333333333
1.0
1.1333333333333333
1.0
1.0
1.0
1.0
1.0
1.0
1.3333333333333333
1.0
3.552910052910053
2.657142857142857
1.0
1.0
1.0
1.0
1.4545454545454546
1.0
1.5636363636363637
1.6666666666666667
1.0
1.2352941176470589
1.6666666666666667
1.0
1.1868131868131868
1.4333333333333333
1.1
1.3333333333333333
1.380952380952381
1.0
1.3333333333333333
1.3333333333333333
1.0
1.0
1.0
1.0
1.1666666666666667
2.034632034632035
1.0
1.0
1.0
1.0
2.5843454790823213
2.323529411764706
1.3333333333333333
1.3333333333333333
1.0
1.0
1.0
1.0
1.8
2.0714285714285716
1.3333333333333333
1.1666666666666667
1.3333333333333333
1.6666666666666667
7.3253588516746415
6.9789029535864975
1.0
2.485064935064935
1.0
1.0
1.0
1.0
1.0363636363636364
1.0
1.0
1.0
1.0
1.75
1.0
1.0
1.0
1.0
1.0
1.0
1.0
2.142857142857143
1.3333333333333333
1.8571428571428572
1.1071428571428572
1.3333333333333333
1.0
1.0
1.0
1.3333333333333333
1.4025974025974026
3.623529411764706
1.7
2.066666666666667
1.7
1.3333333333333333
1.0
1.0
1.2952380952380953
1.0
1.0
4.051282051282051
1.0
1.3333333333333333
6.415433403805497
2.9779411764705883
1.7878787878787878
1.3333333333333333
2.4444444444444446
1.3333333333333333
2.287878787878788
1.6
4.309523809523809
1.0
1.4444444444444444
1.6666666666666667
1.0
2.376847290640394
1.3333333333333333
1.0
1.0
1.0
1.3333333333333333
2.161290322580645
1.0
1.3928571428571428
1.3333333333333333
1.5818181818181818
3.6248548199767714
1.0
1.0
1.0
1.1
1.0
1.0
1.9333333333333333
1.0
1.0
1.6666666666666667
1.0
2.0256410256410255
3.427350427350427
1.4485294117647058
2.0981507823613086
1.0
1.7
1.0
1.1666666666666667
1.0
1.0
2.397312430011198
1.1666666666666667
1.0
1.7573529411764706
1.1944444444444444
4.020161290322581
2.3214285714285716
2.0
1.3333333333333333
3.3205128205128207
6.3246376811594205
2.066666666666667
1.8
1.0
1.0
1.3333333333333333
1.75
1.3333333333333333
4.367588932806324
1.9636363636363636
1.0
1.0
1.0
1.2666666666666666
1.1666666666666667
1.0
1.3333333333333333
1.4
1.0
1.0
1.0
2.3777777777777778
1.6666666666666667
1.0
1.0
1.3
1.8571428571428572
1.0
1.0
1.3333333333333333
1.0
1.0
1.0
1.0
1.5333333333333334
1.0
1.0
1.0
5.484984984984985
1.0
1.0
3.782608695652174
2.142857142857143
2.4
1.0
3.0492307692307694
2.066666666666667
3.7131242740998838
1.0
1.0
2.6944444444444446
1.0
2.3789473684210525
1.8222222222222222
1.0
1.3333333333333333
1.8021978021978022
1.3333333333333333
1.0
1.0
1.0
1.9333333333333333
2.4722222222222223
1.0
1.4666666666666666
2.3333333333333335
1.2
1.4285714285714286
1.7333333333333334
1.0
2.1923076923076925
1.3333333333333333
1.0
1.1333333333333333
1.0
1.0
1.0
2.327272727272727
1.0
1.0
1.8928571428571428
1.1272727272727272
1.0
2.6666666666666665
1.0
1.0
1.0
1.0
1.0
3.675
2.0277777777777777
1.0
1.0
1.3333333333333333
10.537810042347248
1.0
1.0
1.0
1.0
1.7
1.0
2.3714285714285714
1.5333333333333334
1.3
1.0
1.0
1.0
1.0
2.142857142857143
1.5333333333333334
1.1666666666666667
1.0
4.019607843137255
1.0
1.0
1.3333333333333333
1.0666666666666667
1.0
1.3333333333333333
1.0
1.380952380952381
1.2514619883040936
1.7
1.0
1.0
2.4444444444444446
1.0
1.0
1.0
1.326797385620915
1.0
3.110083256244218
1.4722222222222223
1.0
1.0
1.0
1.2
3.2545454545454544
1.3333333333333333
1.0
1.0
1.3333333333333333
1.3333333333333333
1.0
1.0
1.0
1.7179487179487178
1.2666666666666666
2.6944444444444446
1.0
1.0
1.4
1.7
1.0
1.5333333333333334
1.098814229249012
1.0
1.0
1.0
1.5159663865546218
1.1
1.935897435897436
1.0
1.0
4.998319327731092
1.0
1.0
1.5
1.0
1.7
1.2857142857142858
1.0
1.0
1.6888888888888889
1.0
1.0
1.0
1.0
1.0
1.3333333333333333
1.0
1.5490196078431373
3.4553846153846153
1.0
5.057057057057057
1.3333333333333333
1.0
2.205533596837945
1.7
1.4
1.0
2.8055555555555554
1.7142857142857142
1.0
1.0
2.293061224489796
3.199275362318841
1.1388888888888888
1.0
1.3333333333333333
1.0952380952380953
1.3333333333333333
1.3333333333333333
1.0
1.0
1.0
1.1666666666666667
1.0
2.338680926916221
1.3333333333333333
1.0
1.7
1.8
1.0
1.0
1.0
1.6666666666666667
1.8214285714285714
1.0
1.0
1.0
1.3333333333333333
1.3333333333333333
1.3333333333333333
1.8666666666666667
1.0
1.0
1.0
1.3333333333333333
2.107142857142857
1.0
1.0
2.238095238095238
1.5604395604395604
1.0
1.7
1.0
1.0
2.758241758241758
1.0
1.9444444444444444
1.0
1.0
1.0
2.2857142857142856
1.0
1.935672514619883
1.0
1.0
1.0
1.0
1.0
1.0
2.645276292335116
1.1666666666666667
1.1666666666666667
1.3333333333333333
1.0
1.0
1.0
1.0
1.1666666666666667
1.0
1.0
1.0
1.0
1.1333333333333333
1.0
1.3333333333333333
1.0
1.0
3.6691176470588234
1.3333333333333333
1.3333333333333333
1.3333333333333333
1.0
1.0
1.1666666666666667
1.3333333333333333
2.1785714285714284
1.7
1.0
1.0
1.3611111111111112
1.2857142857142858
1.0
2.0
1.2
1.0
1.0
1.5568181818181819
1.0
1.0
1.0
1.0
1.0
1.0
1.8928571428571428
1.3
1.9555555555555555
1.0
1.0
1.0
1.0
1.0833333333333333
2.1785714285714284
1.0
1.0
2.4722222222222223
1.0
1.7142857142857142
5.053884711779449
1.0
1.7581699346405228
1.0666666666666667
1.0
1.5
1.0
3.017316017316017
2.890909090909091
1.0
2.0476190476190474
1.4166666666666667
5.981416957026713
4.011695906432749
1.2666666666666666
1.380952380952381
1.0
1.0
1.2666666666666666
1.0
1.0
3.4411764705882355
1.0
1.3333333333333333
1.0
1.0
2.8333333333333335
1.0
1.6666666666666667
1.0
2.4285714285714284
1.0
1.0
1.0
1.0
3.6666666666666665
1.0
1.6
1.7
2.066666666666667
1.0
1.0
1.0
1.8014705882352942
1.0
1.7
2.6944444444444446
1.0
1.3333333333333333
1.0
1.0
1.0
1.0
1.0
1.0
1.0
1.0
1.8214285714285714
1.3333333333333333
1.0
1.0
1.3333333333333333
1.0
1.0
1.0
1.8
1.0
1.3333333333333333
1.0
1.0
2.066666666666667
1.0
1.0
1.8
3.0444444444444443
1.1666666666666667
1.0
1.0
1.0
1.0
1.0
1.3333333333333333
1.0
1.0
4.08
1.1
1.7777777777777777
1.956043956043956
1.0
1.0
1.0
1.0
1.2
1.5
1.0
1.0
1.0
1.6666666666666667
2.3333333333333335
1.1666666666666667
1.1428571428571428
1.5
1.3
1.0
1.8611111111111112
1.0
1.0
1.2
1.0
1.8666666666666667
3.81981981981982
1.2
1.0
1.0
2.316666666666667
1.0
1.0
1.0
1.0
1.0
1.0
1.0
1.0
1.0
1.0175438596491229
1.0
1.0
1.2
1.2
1.0
1.3333333333333333
1.0
1.2
1.0
1.0
2.2051282051282053
1.6428571428571428
1.0
1.0
1.0
1.0
1.3333333333333333
1.0
1.3333333333333333
1.0
1.0
1.0
1.0
1.0
1.3333333333333333
1.0
1.0
1.3333333333333333
1.0
1.0
1.0
2.3333333333333335
1.3333333333333333
1.0
1.1666666666666667
2.757575757575758
1.8
1.6
1.2
1.6666666666666667
1.0
1.0
1.0
1.3333333333333333
1.0
3.0043290043290045
1.4
1.0
1.0
1.3266666666666667
1.0
1.0
1.0
1.0
1.0
2.0
1.0
1.2666666666666666
1.0
1.0
1.0
1.0
1.0
1.3333333333333333
1.0
1.6666666666666667
1.9285714285714286
1.3214285714285714
1.2380952380952381
1.6666666666666667
1.2
1.0
1.0
1.0
1.6666666666666667
1.0
1.6666666666666667
1.0
1.0
1.0
1.0
1.3333333333333333
1.0
1.0
1.0
1.7857142857142858
1.0
1.0
2.8461538461538463
1.6666666666666667
1.3333333333333333
1.0
1.0
1.0
1.0
1.0
1.0
1.3333333333333333
1.5
1.0
1.0
1.0
1.0
1.0
1.3928571428571428
1.1666666666666667
1.0
1.0
1.0
1.0
1.3333333333333333
1.0
1.0
1.3333333333333333
1.0
1.0
1.0
1.0
1.0
1.0
1.0
1.0
1.3333333333333333
1.0
1.0
1.0
1.0
1.3333333333333333
1.0
1.0
