Version 0.9.7
7
 4 10 175 77 128 0 1
 5 80 400 206 81 2 2
 6 548 1 449 130 140 4
 0 174 177 877 276 173 5
 1 378 567 206 81 305 6
 3 697 519 203 58 376 8
 3 1059 290 203 58 393 9
 0
43
 255 5 71 189 71 189 227 189 227 189 227 191 227 191 0 1 0 5
 0 5 71 249 71 249 171 249 171 204 227 204 227 204 0 1 0 5
 0 5 240 204 240 204 240 647 393 647 393 636 393 636 0 5 0 6
 255 5 240 191 240 191 240 28 240 28 564 28 564 28 0 5 0 4
 255 5 253 191 262 191 262 566 393 566 393 578 393 578 0 5 0 6
 10485760 5 448 282 461 282 461 424 669 424 669 347 669 347 0 5 0 5
 10485760 5 370 282 363 282 363 403 656 403 656 347 656 347 0 5 0 5
 10485760 5 422 347 422 347 422 389 591 389 591 347 591 347 0 5 0 5
 10485760 5 370 347 370 347 370 395 604 395 604 347 604 347 0 5 0 5
 16744703 5 630 282 635 282 635 180 585 180 585 124 585 124 0 5 0 4
 16744703 5 598 124 598 124 598 167 655 167 655 282 643 282 0 4 0 5
 16744703 5 656 282 666 282 666 155 611 155 611 124 611 124 0 5 0 4
 16744703 5 624 124 624 124 624 146 680 146 680 282 669 282 0 4 0 5
 16744703 5 604 282 611 282 611 195 647 195 647 124 650 124 0 5 0 4
 16744703 5 617 282 624 282 624 210 662 210 662 124 663 124 0 5 0 4
 12615680 5 434 578 434 578 434 550 357 550 357 347 357 347 0 6 0 5
 12615680 5 453 578 453 578 453 543 383 543 383 347 383 347 0 6 0 5
 12615680 5 472 578 472 578 472 537 448 537 448 347 448 347 0 6 0 5
 12615680 5 491 578 491 578 491 521 441 521 441 282 435 282 0 6 0 5
 65280 5 510 578 510 511 344 511 344 282 357 282 357 282 0 6 0 5
 65280 5 529 578 529 578 529 500 396 500 396 347 396 347 0 6 0 5
 65280 5 548 578 548 578 548 487 435 487 435 347 435 347 0 6 0 5
 65280 5 567 578 567 578 567 475 418 475 418 282 422 282 0 6 0 5
 12615680 5 434 591 434 591 434 599 743 599 743 563 743 563 0 6 0 8
 12615680 5 453 591 453 591 453 594 763 594 763 563 763 563 0 6 0 8
 12615680 5 472 591 472 591 783 591 783 591 783 563 783 563 0 6 0 8
 12615680 5 491 591 491 591 491 587 803 587 803 563 803 563 0 6 0 8
 65280 5 510 604 510 604 510 614 823 614 823 563 823 563 0 6 0 8
 65280 5 529 604 529 604 529 610 843 610 843 563 843 563 0 6 0 8
 65280 5 548 604 548 604 863 604 863 604 863 563 863 563 0 6 0 8
 65280 5 567 604 567 604 567 601 883 601 883 563 883 563 0 6 0 8
 0 5 708 556 708 556 708 556 708 204 708 204 708 204 0 8 0 5
 255 5 409 347 409 347 404 347 404 191 409 191 409 191 0 5 0 5
 0 5 409 282 409 282 409 282 409 204 409 204 409 204 0 5 0 5
 4194368 5 1105 334 1105 334 1105 360 1105 360 669 360 669 360 0 9 0 5
 4194368 5 1125 334 1125 334 1125 360 1125 360 591 360 591 360 0 9 0 5
 4194368 5 1145 334 1145 334 1145 373 1145 373 604 373 604 373 0 9 0 5
 4194368 5 1165 334 1165 334 1165 373 1165 373 656 373 656 373 0 9 0 5
 16744703 5 682 282 696 282 696 137 637 137 637 124 637 124 0 5 0 4
 255 5 591 282 591 282 591 282 591 191 591 191 591 191 0 5 0 5
 0 5 682 347 682 347 698 347 698 204 695 204 695 204 0 5 0 5
 0 5 994 204 994 204 994 327 994 327 1070 327 1070 327 0 5 0 9
 0 5 396 282 396 282 396 282 396 204 396 204 396 204 0 5 0 5
2
 7047 1 16 585 295 5 0 837626608 8583512 5
 7083 1 16 351 295 5 0 837626608 8583512 5
