Version 0.9.7
4
 4 10 175 77 128 0 1
 5 80 400 206 81 2 2
 0 203 207 877 276 8 3
 1 80 531 206 81 140 4
 0
12
 255 5 71 189 71 189 106 189 106 221 256 221 256 221 0 1 0 3
 65793 5 71 249 107 249 107 232 256 232 256 234 256 234 0 1 0 3
 255 5 373 273 373 273 373 273 373 221 373 221 373 221 0 3 0 3
 0 5 464 377 464 377 477 377 477 377 477 234 477 234 0 3 0 3
 16744576 5 136 542 136 542 136 259 438 259 438 312 438 312 0 4 0 3
 65280 5 155 542 155 542 155 251 451 251 451 299 451 299 0 4 0 3
 4227327 5 174 542 174 542 174 243 464 243 464 286 464 286 0 4 0 3
 0 5 464 390 464 390 464 390 451 390 451 390 451 390 0 3 0 3
 0 5 685 377 685 377 698 377 698 377 698 234 698 234 0 3 0 3
 255 5 607 312 607 312 607 312 607 221 607 221 607 221 0 3 0 3
 12615935 5 607 416 607 416 607 423 193 423 193 542 193 542 0 3 0 4
 0 5 412 403 412 403 412 403 451 403 451 403 451 403 0 3 0 3
2
 7151 1 16 367 325 5 0 -1490442961 8583512 3
 7004 1 14 601 325 5 0 -1490442961 8583512 3
